aa:5278
ab:20348
ac:35973
ad:24348
ae:12007
af:6768
ag:18640
ah:9783
ai:19802
aj:2365
ak:10496
al:66626
am:30936
an:89029
ao:2743
ap:19502
aq:1177
ar:74594
as:39230
at:64111
au:14859
av:9850
aw:6675
ax:4098
ay:9395
az:4258
ba:23922
bb:4536
bc:1826
bd:1642
be:23395
bf:980
bg:955
bh:1363
bi:16006
bj:1356
bk:744
bl:15936
bm:2267
bn:1390
bo:16695
bp:998
bq:328
br:13738
bs:4492
bt:1510
bu:12052
bv:638
bw:668
bx:373
by:2647
bz:263
ca:38768
cb:2128
cc:8308
cd:2232
ce:26221
cf:1428
cg:2095
ch:48530
ci:21526
cj:613
ck:19014
cl:10635
cm:2545
cn:3775
co:46392
cp:2061
cq:646
cr:14761
cs:7287
ct:16176
cu:12065
cv:974
cw:680
cx:494
cy:4684
cz:909
da:23093
db:2736
dc:2747
dd:6146
de:46566
df:1911
dg:3006
dh:2168
di:33016
dj:1105
dk:838
dl:6019
dm:2976
dn:5027
do:19658
dp:1830
dq:398
dr:12153
ds:8340
dt:2477
du:8194
dv:1364
dw:1938
dx:446
dy:3943
dz:555
ea:28127
eb:10315
ec:29408
ed:44549
ee:19732
ef:9599
eg:12193
eh:8173
ei:16034
ej:1783
ek:6290
el:51490
em:25193
en:79713
eo:8605
ep:15967
eq:2272
er:124391
es:69990
et:50849
eu:8449
ev:11381
ew:8453
ex:11877
ey:8574
ez:2528
fa:10167
fb:2856
fc:1342
fd:1148
fe:11736
ff:9173
fg:736
fh:656
fi:17313
fj:366
fk:446
fl:9327
fm:1219
fn:1522
fo:12716
fp:1000
fq:277
fr:8087
fs:2765
ft:5051
fu:6122
fv:409
fw:576
fx:347
fy:1465
fz:217
ga:18068
gb:1329
gc:1507
gd:1499
ge:29049
gf:1007
gg:4655
gh:7845
gi:15108
gj:511
gk:632
gl:8184
gm:1988
gn:7561
go:11373
gp:1084
gq:345
gr:14605
gs:5371
gt:2198
gu:8626
gv:584
gw:1197
gx:314
gy:3146
gz:267
ha:35765
hb:1446
hc:4223
hd:1421
he:36839
hf:1010
hg:1495
hh:1521
hi:26651
hj:497
hk:1050
hl:4399
hm:3018
hn:3699
ho:26374
hp:2454
hq:507
hr:7863
hs:5271
ht:8797
hu:8358
hv:568
hw:2028
hx:255
hy:9091
hz:397
ia:31832
ib:10289
ic:50448
id:25199
ie:27945
if:10768
ig:16723
ih:3363
ii:3012
ij:1801
ik:6933
il:35072
im:19725
in:112324
io:30294
ip:12459
iq:1368
ir:21285
is:53261
it:45502
iu:4814
iv:12304
iw:1744
ix:3480
iy:1093
iz:8729
ja:6004
jb:633
jc:794
jd:688
je:4500
jf:423
jg:452
jh:603
ji:2466
jj:588
jk:580
jl:541
jm:719
jn:648
jo:4158
jp:614
jq:223
jr:557
js:783
jt:474
ju:3278
jv:354
jw:369
jx:151
jy:251
jz:196
ka:12042
kb:1247
kc:2708
kd:779
ke:19013
kf:861
kg:731
kh:2302
ki:13523
kj:490
kk:1412
kl:3803
km:1330
kn:2768
ko:8159
kp:943
kq:241
kr:3339
ks:5655
kt:1849
ku:3851
kv:509
kw:1159
kx:224
ky:2578
kz:252
la:52717
lb:4926
lc:5121
ld:9342
le:65205
lf:4473
lg:3167
lh:1684
li:54536
lj:662
lk:3359
ll:40587
lm:4839
ln:2450
lo:36411
lp:4964
lq:801
lr:2066
ls:9461
lt:9821
lu:13941
lv:2939
lw:1453
lx:338
ly:18159
lz:745
ma:50866
mb:8417
mc:4662
md:1976
me:38498
mf:1338
mg:1165
mh:1315
mi:30035
mj:533
mk:924
ml:1993
mm:8684
mn:2757
mo:24832
mp:13636
mq:299
mr:2413
ms:7345
mt:2231
mu:10419
mv:752
mw:777
mx:366
my:4765
mz:315
na:40351
nb:4074
nc:19407
nd:32126
ne:64199
nf:6189
ng:45451
nh:3458
ni:42907
nj:1907
nk:7575
nl:3798
nm:3237
nn:18995
no:32251
np:3151
nq:1103
nr:3920
ns:26194
nt:45683
nu:9228
nv:3213
nw:2261
nx:609
ny:4742
nz:2157
oa:6951
ob:10673
oc:22038
od:15812
oe:7286
of:8110
og:15354
oh:5704
oi:11209
oj:1436
ok:5660
ol:35191
om:30047
on:74792
oo:18158
op:23194
oq:676
or:57830
os:30246
ot:24421
ou:28687
ov:9089
ow:12704
ox:3588
oy:3135
oz:2094
pa:26079
pb:1217
pc:2721
pd:1593
pe:29123
pf:1453
pg:935
ph:19333
pi:17052
pj:394
pk:845
pl:12970
pm:2698
pn:1546
po:22025
pp:8909
pq:332
pr:22489
ps:8879
pt:7903
pu:7855
pv:483
pw:861
px:490
py:3046
pz:165
qa:550
qb:299
qc:396
qd:347
qe:485
qf:278
qg:234
qh:277
qi:770
qj:190
qk:208
ql:413
qm:298
qn:378
qo:264
qp:338
qq:266
qr:365
qs:537
qt:365
qu:10089
qv:291
qw:194
qx:142
qy:108
qz:106
ra:67004
rb:7626
rc:12615
rd:14887
re:76075
rf:4301
rg:10297
rh:4153
ri:59918
rj:991
rk:6680
rl:7052
rm:12570
rn:10753
ro:58644
rp:7547
rq:621
rr:13946
rs:23410
rt:23227
ru:15744
rv:4553
rw:2609
rx:384
ry:12445
rz:1216
sa:24734
sb:3437
sc:22252
sd:3063
se:45352
sf:2255
sg:2119
sh:23339
si:35100
sj:860
sk:8284
sl:7591
sm:10022
sn:6272
so:21437
sp:15470
sq:1803
sr:3678
ss:28299
st:65179
su:18750
sv:1648
sw:4064
sx:272
sy:6829
sz:1254
ta:47200
tb:2809
tc:8106
td:2362
te:79852
tf:2748
tg:1690
th:30985
ti:64433
tj:690
tk:1253
tl:7548
tm:3814
tn:6356
to:39637
tp:3583
tq:363
tr:37335
ts:19547
tt:17890
tu:14245
tv:1280
tw:3476
tx:782
ty:11039
tz:3093
ua:8597
ub:8923
uc:10126
ud:7695
ue:10677
uf:3954
ug:6315
uh:1998
ui:8708
uj:1102
uk:2990
ul:21307
um:15979
un:28956
uo:4451
up:8873
uq:1322
ur:27130
us:31673
ut:17983
uu:1331
uv:1443
uw:686
ux:1456
uy:1019
uz:1285
va:13848
vb:517
vc:732
vd:610
ve:26891
vf:396
vg:503
vh:340
vi:16961
vj:258
vk:329
vl:1087
vm:1048
vn:951
vo:5880
vp:567
vq:234
vr:1347
vs:1270
vt:674
vu:1096
vv:434
vw:246
vx:323
vy:563
vz:147
wa:14134
wb:978
wc:906
wd:1258
we:10864
wf:640
wg:495
wh:3533
wi:11370
wj:221
wk:707
wl:1566
wm:890
wn:2908
wo:8919
wp:848
wq:145
wr:2407
ws:3848
wt:1103
wu:747
wv:265
ww:1017
wx:228
wy:916
wz:175
xa:2285
xb:625
xc:1756
xd:739
xe:3498
xf:772
xg:364
xh:554
xi:3587
xj:177
xk:186
xl:720
xm:1273
xn:606
xo:1697
xp:2486
xq:146
xr:705
xs:1276
xt:3985
xu:844
xv:353
xw:457
xx:1232
xy:1109
xz:132
ya:7014
yb:2019
yc:4107
yd:3227
ye:5959
yf:1068
yg:1766
yh:1340
yi:2163
yj:303
yk:1069
yl:6524
ym:4193
yn:5623
yo:4392
yp:5711
yq:156
yr:4745
ys:9119
yt:4612
yu:1595
yv:541
yw:981
yx:475
yy:656
yz:542
za:5723
zb:378
zc:429
zd:346
ze:9167
zf:200
zg:272
zh:561
zi:4842
zj:165
zk:399
zl:796
zm:567
zn:556
zo:3563
zp:264
zq:127
zr:319
zs:446
zt:558
zu:1430
zv:222
zw:379
zx:197
zy:1087
zz:1991
